{ "target":"CoRoT-2",
  "RA":"19h27m06.49s",
  "DEC":"+01d23m01.19s",
  "Mstar":1.9094e+30,
  "Rstar":6.30304e+8,
  "Planets": ["b"],
  "Rplanet":[104805547],
  "a":[4183315712.0494776],
  "e":[0.0143],
  "i":[1.537286],
  "Omega":[0.0],
  "omega":[1.78024],
  "tc":[2454237.53556],
  "p":[1.7429935]}