{ "target":"GJ-1214",
  "RA":"17h15m19.54s",
  "DEC":"+04d57m38.45s",
  "Mstar":3.1226e+29,
  "Rstar":1.46793e+8,
  "Planets": ["b"],
  "Rplanet":[17080651],
  "a":[2143098699.6850445],
  "e":[0.0],
  "i":[1.5467108],
  "Omega":[0.0],
  "omega":[0.0],
  "tc":[2454980.748795],
  "p":[1.58040482]}