{ "target":"GJ-436",
  "RA":"11h42m12.13s",
  "DEC":"+26d42m11.04s",
  "Mstar":8.35083863e+29,
  "Rstar":295973042.4,
  "Planets": ["b"],
  "Rplanet":[2.6597e+7],
  "a":[4.353298e+9],
  "e":[0.13827],
  "i":[1.5086626],
  "Omega":[0.0],
  "omega":[6.12611],
  "tc":[2454222.6157],
  "p":[2.643901]}