{ "target":"HAT-P-37",
  "RA":"18h57m11.05s",
  "DEC":"+51d16m08.84s",
  "Mstar":1.84771e+30,
  "Rstar":6.10129e+8,
  "Planets": ["b"],
  "Rplanet":[84216920.9],
  "a":[5672082426.559299],
  "e":[0.058],
  "i":[1.516691],
  "Omega":[0.0],
  "omega":[0.0],
  "tc":[2455642.14318],
  "p":[2.797436]}