{ "target":"HAT-P-19",
  "RA":"00h38m03.98s",
  "DEC":"+34d42m41.05s",
  "Mstar":1.67467e+30,
  "Rstar":5.7047e+8,
  "Planets": ["b"],
  "Rplanet":[80932180.4],
  "a":[6977110079.789217],
  "e":[0.067],
  "i":[1.53938],
  "Omega":[0.0],
  "omega":[0.0],
  "tc":[2455091.53417],
  "p":[4.008778]}