{ "target":"HAT-P-3",
  "RA":"13h44m22.56s",
  "DEC":"+48d01m42.83s",
  "Mstar":1.82384e+30,
  "Rstar":5.55864e+8,
  "Planets": ["b"],
  "Rplanet":[5.9125e+7],
  "a":[5784409663.1354685],
  "e":[0.0],
  "i":[1.5196582],
  "Omega":[0.0],
  "omega":[0.0],
  "tc":[2454856.70118],
  "p":[2.899736]}