{ "target":"HAT-P-23",
  "RA":"20h24m29.74s",
  "DEC":"+16d45m43.73s",
  "Mstar":2.2475e+30,
  "Rstar":8.36927e+8,
  "Planets": ["b"],
  "Rplanet":[97802352.8],
  "a":[3468464353.209766],
  "e":[0.106],
  "i":[1.485275],
  "Omega":[0.0],
  "omega":[0.0],
  "tc":[2454852.26464],
  "p":[1.212884]}