{ "target":"HAT-P-10",
  "RA":"03h09m28.55s",
  "DEC":"+30d40m24.17s",
  "Mstar":1.6309e+30,
  "Rstar":5.6352e+8,
  "Planets": ["b"],
  "Rplanet":[74709140],
  "a":[6582451401.168399],
  "e":[0.0],
  "i":[1.544616],
  "Omega":[0.0],
  "omega":[0.0],
  "tc":[2454729.90631],
  "p":[3.7224690]}