{ "target":"HAT-P-36",
  "RA":"12h33m03.89s",
  "DEC":"+44d54m55.32s",
  "Mstar":2.03268e+30,
  "Rstar":7.62487e+8,
  "Planets": ["b"],
  "Rplanet":[90365445],
  "a":[3776609381.189406],
  "e":[0.0],
  "i":[1.50098],
  "Omega":[0.0],
  "omega":[0.0],
  "tc":[2455565.18144],
  "p":[1.327347]}