{ "target":"HAT-P-12",
  "RA":"13h57m33.684s",
  "DEC":"+43d29m37.35s",
  "Mstar":1.45788e+30,
  "Rstar":4.87686e+8,
  "Planets": ["b"],
  "Rplanet":[68558594.6],
  "a":[5748364372.30258],
  "e":[0.0],
  "i":[1.55334],
  "Omega":[0.0],
  "omega":[0.0],
  "tc":[2454419.19556],
  "p":[3.2130598]}