{ "target":"HAT-P-32",
  "RA":"02h04m10.26s",
  "DEC":"+46d41m16.26s",
  "Mstar":2.3071e+30,
  "Rstar":8.48058e+8,
  "Planets": ["b"],
  "Rplanet":[127900781],
  "a":[5124757829.532696],
  "e":[0.0],
  "i":[1.551598],
  "Omega":[0.0],
  "omega":[0.0],
  "tc":[2454420.44637],
  "p":[2.150008]}