{ "target":"HD189733",
  "RA":"20h00m43.71s",
  "DEC":"+22d42m35.19s",
  "Mstar":1.6465274e+30,
  "Rstar":544524390,
  "Planets": ["b"],
  "Rplanet":[8.1002e+7],
  "a":[4676597567.355734],
  "e":[0.0],
  "i":[1.4959217],
  "Omega":[0.0],
  "omega":[0.0],
  "tc":[2453988.80336],
  "p":[2.2185733]}