{ "target":"Qatar-2",
  "RA":"13h50m37.32s",
  "DEC":"-06d48m14.66s",
  "Mstar":1.4718e+30,
  "Rstar":4.96034e+8,
  "Planets": ["b"],
  "Rplanet":[81786850.8],
  "a":[3214306527.836875],
  "e":[0.0],
  "i":[1.541126],
  "Omega":[0.0],
  "omega":[0.0],
  "tc":[2455624.26679],
  "p":[1.3371182]}