{ "target":"Qatar-1",
  "RA":"20h13m31.65s",
  "DEC":"+65d09m44.39s",
  "Mstar":1.59909e+30,
  "Rstar":534372735.6,
  "Planets": ["b"],
  "Rplanet":[83215553.4],
  "a":[3439637737.528928],
  "e":[0.0],
  "i":[1.4568263],
  "Omega":[0.0],
  "omega":[0.0],
  "tc":[2455518.4102],
  "p":[1.4200246]}