{ "target":"TrES-1",
  "RA":"19h04m09.81s",
  "DEC":"+36d37m57.13s",
  "Mstar":1.74627e+30,
  "Rstar":5.6143e+8,
  "Planets": ["b"],
  "Rplanet":[76282519],
  "a":[5870795065.182726],
  "e":[0.0],
  "i":[1.5708],
  "Omega":[0.0],
  "omega":[0.0],
  "tc":[2453898.87342],
  "p":[3.030069] }