{ "target":"TrES-2",
  "RA":"19h07m14.05s",
  "DEC":"+49d18m59.12s",
  "Mstar":2.10229e+30,
  "Rstar":706921641,
  "Planets": ["b"],
  "Rplanet":[8.738e+7],
  "a":[5450778565.415933],
  "e":[0.0],
  "i":[1.4585717],
  "Omega":[0.0],
  "omega":[0.0],
  "tc":[2453957.6358],
  "p":[2.47061322] }