{ "target":"TrES-5",
  "RA":"20h20m53.27s",
  "DEC":"+59d26m56.05s",
  "Mstar":1.77611e+30,
  "Rstar":6.02476e+8,
  "Planets": ["b"],
  "Rplanet":[86436512.6],
  "a":[3665453336.2926073],
  "e":[0.0],
  "i":[1.47530936],
  "Omega":[0.0],
  "omega":[0.0],
  "tc":[2455443.25153],
  "p":[1.4822446] }