{ "target":"TrES-3",
  "RA":"17h52m06.99s",
  "DEC":"+37d32m46.78s",
  "Mstar":1.84572e+30,
  "Rstar":5.68387e+8,
  "Planets": ["b"],
  "Rplanet":[94370915.1],
  "a":[3412582275.8523126],
  "e":[0.0],
  "i":[1.4309955],
  "Omega":[0.0],
  "omega":[0.0],
  "tc":[2454538.58069],
  "p":[1.3061863330441161] }