{ "target":"WASP-10",
  "RA":"23h15m58.33s",
  "DEC":"+31d27m45.90s",
  "Mstar":1.39821e+30,
  "Rstar":5.39168e+8,
  "Planets": ["b"],
  "Rplanet":[91526266],
  "a":[5526408906.483367],
  "e":[0.0],
  "i":[1.516691],
  "Omega":[0.0],
  "omega":[0.0],
  "tc":[2454357.85803],
  "p":[3.092727]}