{ "target":"WASP-52",
  "RA":"23h13m58.75s",
  "DEC":"+08d45m39.89s",
  "Mstar":1.7304e+30,
  "Rstar":5.496e+8,
  "Planets": ["b"],
  "Rplanet":[87444258],
  "a":[4058780749.1149483],
  "e":[0.0],
  "i":[1.4877187],
  "Omega":[0.0],
  "omega":[0.0],
  "tc":[2455793.68143],
  "p":[1.7497798] }