{ "target":"WASP-4",
  "RA":"23h34m15.10s",
  "DEC":"-42d03m42.41s",
  "Mstar":1.8696e+30,
  "Rstar":6.3587e+8,
  "Planets": ["b"],
  "Rplanet":[98031966],
  "a":[3483065924.0699024],
  "e":[0.0],
  "i":[1.55334],
  "Omega":[0.0],
  "omega":[0.0],
  "tc":[2455880.79492],
  "p":[1.33823214] }