{ "target":"WASP-2",
  "RA":"20h30m54.13s",
  "DEC":"+06d25m45.59s",
  "Mstar":1.78008e+30,
  "Rstar":6.02476e+8,
  "Planets": ["b"],
  "Rplanet":[68277956.6],
  "a":[4703584672.822961],
  "e":[0.0],
  "i":[1.4802137],
  "Omega":[0.0],
  "omega":[0.0],
  "tc":[2453991.5146],
  "p":[2.15222144] }