{ "target":"WASP-43",
  "RA":"10h19m37.96s",
  "DEC":"-09d48m23.20s",
  "Mstar":1.1536e+30,
  "Rstar":4.174e+8,
  "Planets": ["b"],
  "Rplanet":[66485700.1],
  "a":[2127840382.8562107],
  "e":[0.0],
  "i":[1.441642],
  "Omega":[0.0],
  "omega":[0.0],
  "tc":[2455528.86774],
  "p":[0.813475]}