{ "target":"WASP-3",
  "RA":"18h34m31.62s",
  "DEC":"+35d39m41.15s",
  "Mstar":2.4663e+30,
  "Rstar":9.1137e+8,
  "Planets": ["b"],
  "Rplanet":[9.3759e+7],
  "a":[4735056758.720792],
  "e":[0.0],
  "i":[1.473058],
  "Omega":[0.0],
  "omega":[0.0],
  "tc":[2454143.8504],
  "p":[1.846835] }