{ "target":"WASP-33",
  "RA":"02h26m51.06s",
  "DEC":"+37d33m01.60s",
  "Mstar":2.97344e+30,
  "Rstar":1.00459e+9,
  "Planets": ["b"],
  "Rplanet":[1.07025e+8],
  "a":[3822250815.281299],
  "e":[0.0],
  "i":[1.5301302],
  "Omega":[0.0],
  "omega":[0.0],
  "tc":[2454163.22373],
  "p":[1.2198669]}