{ "target":"WASP-12",
  "RA":"06h30m32.79s",
  "DEC":"+29d40m20.4s",
  "Mstar":2.7447e+30,
  "Rstar":1.12634e+9,
  "Planets": ["b"],
  "Rplanet":[1.30497e+8],
  "a":[3455556303.4882884],
  "e":[0.0],
  "i":[1.453859],
  "Omega":[0.0],
  "omega":[0.0],
  "tc":[2454508.97605],
  "p":[1.0914222]}