{ "target":"WASP-48",
  "RA":"19h24m38.97s",
  "DEC":"+55d28m22.90s",
  "Mstar":2.3668e+30,
  "Rstar":1.2175e+9,
  "Planets": ["b"],
  "Rplanet":[119392347],
  "a":[5158365391.032192],
  "e":[0.0],
  "i":[1.3978342],
  "Omega":[0.0],
  "omega":[0.0],
  "tc":[2455364.55043],
  "p":[2.143634] }