{ "target":"XO-1",
  "RA":"16h02m11.83s",
  "DEC":"+28d10m10.65s",
  "Mstar":1.9491e+30,
  "Rstar":6.7483e+8,
  "Planets": ["b"],
  "Rplanet":[71205521.5],
  "a":[5521358820.171049],
  "e":[0.0],
  "i":[1.549852],
  "Omega":[0.0],
  "omega":[0.0],
  "tc":[2453808.91682],
  "p":[3.9415128]}