{ "target":"XO-2",
  "RA":"7h48m06.47s",
  "DEC":"+50d13m33s",
  "Mstar":1.9491e+30,
  "Rstar":6.7483e+8,
  "Planets": ["b"],
  "Rplanet":[71205521.5],
  "a":[5521358820.171049],
  "e":[0.0],
  "i":[1.549852],
  "Omega":[0.0],
  "omega":[0.0],
  "tc":[2454466.88467],
  "p":[2.6158640]}